dropout	middle	kn_num	lr	acc			max_dev_acc		test_time		epochs
0	6	100	0.001	7.540255071639031%	1.2945905208507784%	1359.2758178710938	64
0	6	100	0.002	9.874698527867546%	5.4261337203892905%	1365.785837173462	64
0	6	100	0.005	0.0%			0%			1339.4808769226074	64
0	6	100	0.01	30.467006558555845%	24.265457359524277%	1391.7629718780518	64
0	6	100	0.05	5.1669960384749105%	4.990210332225729%	1367.0096397399902	64
0	6	100	0.1	4.735338824478933%	6.497422558638745%	1375.6544589996338	64
0	6	100	0.001	8.78226559564588%	4.877928506298967%	1331.1471939086914	128
0	6	100	0.002	14.135184535318096%	15.64870119205203%	1321.6891288757324	128
0	6	100	0.005	30.467006558555845%	24.265457359524277%	1342.5374031066895	128
0	6	100	0.01	23.648419971774594%	24.179986241508285%	1374.8085498809814	128
0	6	100	0.05	6.800703158694945%	12.458898289470712%	1374.9141693115234	128
0	6	100	0.1	15.523315090587195%	20.363239772613323%	1377.25830078125	128
0	6	100	0.001	17.210974037163933%	14.078628427091651%	1367.8972721099854	256
0	6	100	0.002	19.10715314461065%	19.14164435674197%	1358.457326889038	256
0	6	100	0.005	30.467006558555845%	24.265457359524277%	1379.084587097168	256
0	6	100	0.01	3.6208848532792195%	5.263665872387012%	1561.0289573669434	256
0	6	100	0.05	4.844699395237924%	10.214267781931792%	1480.1630973815918	256
0	6	100	0.1	16.532369517886686%	21.49643313910094%	1451.1795043945312	256
0	6	100	0.001	20.336122365716253%	19.320285567036162%	1577.092170715332	512
0	6	100	0.002	21.265602426184333%	22.666323403109164%	1664.0419960021973	512
0	6	100	0.005	30.467006558555845%	24.265457359524277%	1449.1798877716064	512
0	6	100	0.01	30.467006558555845%	24.265457359524277%	1463.176965713501	512
0	6	100	0.05	18.160668552795432%	20.718050122453967%	1522.125244140625	512
0	6	100	0.1	0.0%			0%			1394.911527633667	512
0	7	100	0.001	1.3942239294351968%	1.6686205549042592%	1593.0836200714111	64
0	7	100	0.001	3.4604173864737238%	1.288728856138%		1428.178071975708	64
0	7	100	0.001	8.778673725856828%	4.885557974655281%	1486.14501953125	128
0	7	100	0.001	13.045423749964291%	10.164452259997399%	1449.167251586914	256
0	7	100	0.001	18.637316207220923%	17.94721625905681%	1428.18021774292	512
0	7	100	0.002	16.884332841119626%	24.265457359524277%	1472.1713066101074	64
0	7	100	0.002	16.355764679890477%	24.265457359524277%	1465.1753902435303	128
0	7	100	0.002	18.37686718929043%	24.265457359524277%	1525.1219272613525	256
0	7	100	0.002	15.87432329072332%	24.265457359524277%	1446.1688995361328	512
0	7	100	0.005	0.0%			0%			1430.178165435791	64
0	7	100	0.005	0.0%			0%			1420.1834201812744	128
0	7	100	0.005	0.0%			0%			1488.1577491760254	256
0	7	100	0.005	0.0%			0%			1569.1108703613281	512
0	7	100	0.01	30.467006558555845%	24.265457359524277%	1493.140459060669	64
0	7	100	0.01	30.467006558555845%	24.265457359524277%	1461.1780643463135	128
0	7	100	0.01	30.467006558555845%	24.265457359524277%	1488.144874572754	256
0	7	100	0.01	30.467006558555845%	24.265457359524277%	1545.1297760009766	512
0	7	100	0.05	23.648419971774594%	24.179986241508285%	1523.1239795684814	64
0	7	100	0.05	23.648419971774594%	24.179986241508285%	1643.537998199463	128
0	7	100	0.05	23.648419971774594%	24.179986241508285%	1455.18159866333	256
0	7	100	0.05	23.648419971774594%	24.179986241508285%	1443.1695938110352	512
0	7	100	0.1	7.3597117083032595%	12.426061897620105%	1524.122953414917	64
0	7	100	0.1	7.3597117083032595%	12.426061897620105%	1466.1750793457031	128
0	7	100	0.1	7.3597117083032595%	12.426061897620105%	1507.1511268615723	256
0	7	100	0.1	7.3597117083032595%	12.426061897620105%	1437.1917247772217	512
0	8	100	0.001	1.8322900365153887%	3.899402668453079%	1615.0712966918945	64
0	8	100	0.001	7.724939705573512%	7.923346680673767%	1381.2224864959717	128
0	8	100	0.001	13.842926765461979%	16.171588604179462%	1462.1601104736328	256
0	8	100	0.001	19.00716921540137%	20.791789947710242%	1369.213581085205	512
0	8	100	0.002	8.958606542807404%	5.9828057835091855%	1427.1795749664307	64
0	8	100	0.002	16.939877545511344%	13.83566869498874%	1486.1445426940918	128
0	8	100	0.002	19.557215998431754%	18.549051898993273%	1527.1215438842773	256
0	8	100	0.002	22.25865527802147%	21.78479655032996%	1471.1675643920898	512
0	8	100	0.005	0.0%			0%			1397.1974849700928	64
0	8	100	0.005	0.0%			0%			1453.1831741333008	128
0	8	100	0.005	0.0%			0%			1443.2504177093506	256
0	8	100	0.005	0.0%			0%			1477.165699005127	512
0	8	100	0.01	19.37214191329674%	19.903626935840574%	1522.1493244171143	64
0	8	100	0.01	19.37214191329674%	19.903626935840574%	1457.1683406829834	128
0	8	100	0.01	19.37214191329674%	19.903626935840574%	1447.1876621246338	256
0	8	100	0.01	19.37214191329674%	19.903626935840574%	1496.159553527832	512
0	8	100	0.05	0.0%			0%			1446.169137954712	64
0	8	100	0.05	0.0%			0%			1480.1483154296875	128
0	8	100	0.05	0.0%			0%			1610.0752353668213	256
0	8	100	0.05	0.0%			0%			1467.1571254730225	512
0	8	100	0.1	17.99340005819863%	15.177292096987284%	1489.1448020935059	64
0	8	100	0.1	17.99340005819863%	15.177292096987284%	1490.156888961792	128
0	8	100	0.1	17.99340005819863%	15.177292096987284%	1527.13942527771	256
0	8	100	0.1	17.99340005819863%	15.177292096987284%	1432.1799278259277	512
0	9	100	0.001	1.8229071398085481%	1.4157315915815325%	1397.1962928771973	64
0	9	100	0.001	9.17434743138969%	6.206293380970991%	1520.1263427734375	128
0	9	100	0.001	19.356552662584516%	13.451264444816617%	1381.2055587768555	256
0	9	100	0.001	19.606699645749867%	18.47685953489003%	1426.1813163757324	512
0	9	100	0.002	6.824595722483046%	5.4609780606263625%	1409.1911315917969	64
0	9	100	0.002	10.784327206694575%	12.773198478637086%	1387.2032165527344	128
0	9	100	0.002	18.29532718957981%	19.647309014504096%	1459.1619968414307	256
0	9	100	0.002	22.535238967163853%	21.66391805746513%	1429.1784763336182	512
0	9	100	0.01	4.1261923609447%	7.82710472156927%	1467.1578407287598	64
0	9	100	0.01	4.1261923609447%	7.82710472156927%	1657.0475101470947	128
0	9	100	0.01	4.1261923609447%	7.82710472156927%	1457.2083950042725	256
0	9	100	0.01	30.467006558555845%	24.265457359524277%	1076.3792991638184	64
0	9	100	0.01	30.467006558555845%	24.265457359524277%	1123.171091079712	128
0	9	100	0.01	30.467006558555845%	24.265457359524277%	1185.6000423431396	256
0	9	100	0.01	30.467006558555845%	24.265457359524277%	1107.593059539795	512
0	9	100	0.05	4.20459494155809%	6.757447475756265%	1154.400110244751	64
0	9	100	0.05	4.20459494155809%	6.757447475756265%	1528.8000106811523	128
0	9	100	0.05	4.20459494155809%	6.757447475756265%	1134.9999904632568	256
0.5	6	100	0.001	1.326875393776802%	0.9596382515491543%	1081.9997787475586	64
0.5	6	100	0.001	3.466544214783651%	4.8985373750907195%	1250.999927520752	128
0.5	6	100	0.001	13.531791760665%	12.317032322893992%	1167.0000553131104	256
0.5	6	100	0.001	13.531791760665%	12.317032322893992%	1025.9997844696045	256
0.5	6	100	0.001	4.439875786706773%	2.933902752191146%	2372.142553329468	64
0	10	100	0.001	7.775667315200575%	3.5731033327750787%	2106.837034225464	64
0.5	6	100	0.001	9.506018388060644%	5.407525260983647%	2262.333393096924	128
0	10	100	0.001	11.216635962461329%	7.70911256257095%	1997.0943927764893	128
0.5	6	100	0.001	12.820140012041417%	12.048651817116063%	2106.0404777526855	256
0	10	100	0.001	15.593967852602832%	13.602856641237802%	2215.242385864258	256
0.5	6	100	0.001	18.243830239135406%	17.440592493347474%	1840.8000469207764	512
0	10	100	0.01	0.0%	0%	1871.999979019165	64
0	12	100	0.001	8.051442335693908%	1.35125327974097%	1934.4000816345215	64
0	12	100	0.001	8.96944534876734%	5.381845587003853%	1794.0001487731934	128
0.5	6	100	0.01	0.0%	0%	1856.4002513885498	64
0	12	100	0.001	12.326265238237076%	15.657788813403268%	1918.7629222869873	256
0.5	6	100	0.01	0.0%	0%	1980.0000190734863	128
0	12	100	0.01	1.1070225154732196%	2.261749201068228%	1170.292615890503	64
0	12	100	0.01	1.1070225154732196%	2.261749201068228%	1305.1304817199707	128
0	12	100	0.01	1.1070225154732196%	2.261749201068228%	1651.1647701263428	256
0	12	100	0.01	1.1070225154732196%	2.261749201068228%	2287.228584289551	256
0.5	8	100	0.001	0.2151799687010955%	0.17584994138335286%	254.02545928955078	64
0.5	8	100	0.001	0.3325508607198747%	0.2735443532629933%	256.0255527496338	128
0.5	8	100	0.001	0.4107981220657276%	0.3907776475185618%	253.02529335021973	256
0.5	8	100	0.001	0.4107981220657276%	0.3907776475185618%	212.0213508605957	256
0.5	8	100	0.01	0.0%	0%	242.02418327331543	64
0.5	8	100	0.01	0.0%	0%	270.0002193450928	128
0.5	8	100	0.01	0.0%	0%	269.99974250793457	256
0.5	8	100	0.01	0.0%	0%	237.99991607666016	256
0.5	8	100	0.1	1.5453834115805931%	2.2274325908558024%	491.09816551208496	64
0.5	8	100	0.001	0.0536138642554918%	0.053551010956247376%	1975.1973152160645	64
0.5	8	100	0.001	0.2101083869471982%	0.16210035748918153%	2054.2051792144775	128
0.5	8	100	0.1	1.5453834115805931%	2.2274325908558024%	393.0392265319824	128
0.5	8	100	0.001	0.3941343534457787%	0.4124875168251498%	2072.20721244812	256
0.5	8	100	0.001	0.3941343534457787%	0.4124875168251498%	2111.2112998962402	256
0.5	8	100	0.1	1.5453834115805931%	2.2274325908558024%	403.04017066955566	256
0.5	8	100	0.1	1.5453834115805931%	2.2274325908558024%	372.0371723175049	256
0.5	10	100	0.001	0.07824726134585289%	0.03907776475185619%	401.04007720947266	64
0.5	10	100	0.001	0.11737089201877933%	0.17584994138335286%	407.9592227935791	128
0.5	8	100	0.01	0.8853532718947466%	0.9754967941759684%	2217.0000076293945	64
0.5	10	100	0.001	0.31298904538341155%	0.5080109417741303%	338.99998664855957	256
0.5	10	100	0.001	0.31298904538341155%	0.5080109417741303%	388.0000114440918	256
0.5	10	100	0.01	1.5453834115805931%	2.2274325908558024%	368.9999580383301	64
0.5	10	100	0.01	1.5453834115805931%	2.2274325908558024%	335.9999656677246	128
0.5	8	100	0.01	0.8853532718947466%	0.9754967941759684%	3281.0003757476807	128
0.5	10	100	0.01	1.5453834115805931%	2.2274325908558024%	372.0369338989258	256
0.5	10	100	0.01	1.5453834115805931%	2.2274325908558024%	443.04394721984863	256
0.5	10	100	0.1	0.0%	0%	346.0347652435303	64
0.5	8	100	0.001	0.0%	0%	395.03931999206543	64
0.5	8	100	0.001	0.0%	0%	272.02725410461426	128
0.5	8	100	0.001	0.0%	0%	279.02793884277344	256
0.5	8	100	0.01	0.0%	0%	263.0000114440918	64
0.5	8	100	0.01	0.0%	0%	246.0000514984131	128
0.5	8	100	0.01	0.0%	0%	260.9999179840088	256
0.5	8	100	0.1	0.0%	0%	386.99984550476074	64
0.5	8	100	0.1	0.0%	0%	262.00008392333984	128
0.5	8	100	0.1	0.0%	0%	457.99970626831055	256
0.5	10	100	0.001	0.0%	0%	1701.0002136230469	64
0.5	10	100	0.001	0.0%	0%	259.02605056762695	128
0.5	10	100	0.001	0.0%	0%	254.02545928955078	256
0.5	10	100	0.01	0.0%	0%	253.02505493164062	64
0.5	10	100	0.01	0.0%	0%	288.0289554595947	128
0.5	10	100	0.01	0.0%	0%	253.02553176879883	256
0.5	10	100	0.1	0.0%	0%	276.0274410247803	64
0.5	10	100	0.1	0.0%	0%	299.0298271179199	128
0.5	10	100	0.1	0.0%	0%	253.9997100830078	256

0	7	100	0.001	11.252002053794877%	6.549437171947134%	2191.00022315979	64
0	7	100	0.001	7.686594890280151%	2.6317744893442097%	1540.9998893737793	64
0	7	100	0.001	0.45650730411686585%	0.7395418326693228%	1286.1287593841553	64
0	7	100	0.001	2.8672018164050033%	4.913384763224537%	1283.128261566162	128
0	7	100	0.001	0.9163346613545817%	1.046765319673686%	1275.127649307251	64
0	7	100	0.001	6.210872599069812%	5.981355961435644%	1275.1271724700928	128
0	7	100	0.001	8.569289885763123%	11.233008083107688%	1263.1261348724365	256
0	7	100	0.01	2.5390928291824717%	4.489459971769868%	2654.2654037475586	64
0.5	8	100	0.002	28.296851145456703%	25.09879751337828%	2751.275062561035	64
0.5	8	100	0.001	5.823215076203126%	1.8554354012521341%	2547.254800796509	64
0.5	8	100	0.002	5.366308964900517%	5.92586389772791%	1923.1922626495361	64
0.5	8	100	0.002	10.718256480548284%	12.834114888628367%	2074.207305908203	128
0.5	8	100	0.001	12.14069877665495%	9.136377352750992%	2357.2356700897217	128
